29591 -526.471 -251.373 -389.953 -517.668 -242.386 -320.408 -508.892 -233.446 -251 -445.59 -169.033 249 -436.735 -160.002 319 -427.911 -150.959 389 629.149
31125 -35.489 -662.343 -389.378 -14.196 -641.462 -321 7.6082 -620.087 -251 163.112 -467.4 249 185.416 -445.536 320.675 206.668 -424.688 389 878.596
52539 242.103 -202.187 -391 252.708 -191.123 -321 263.323 -180.062 -251 341.122 -101.092 250.54 352.648 -90.4616 319 364.543 -79.4795 389.631 785.617
65375 -564.509 331.492 -391 -549.094 346.592 -321 -533.439 361.925 -249.891 -423.292 469.581 250.195 -408.153 484.397 319 -392.751 499.463 389 993.894
68508 -693.895 -465.933 -389.511 -677.864 -449.837 -320.742 -661.589 -433.49 -251 -545.022 -315.658 249 -528.721 -298.929 319 -512.401 -282.232 389 709.724
93292 -417.769 -561.029 -389.396 -402.307 -546.348 -321 -386.164 -531.031 -249.627 -273.368 -423.934 249 -257.512 -408.889 319 -241.657 -393.852 389 713.626
93565 484.917 370.178 -391 500.186 385.901 -321 515.466 401.617 -251 624.79 513.568 249.718 640.056 529.142 319.525 655.24 544.646 389 548.483
94575 322.523 -389.92 -391 341.315 -371.184 -321 360.1 -352.461 -251 494.188 -218.574 249 513.047 -199.738 319.355 531.845 -180.966 389.476 912.581
2622 -679.818 -470.654 -391 -679.823 -470.656 -320.975 -679.82 -470.658 -250.449 -679.865 -470.547 249 -679.874 -470.513 319 -679.87 -470.479 389 929.392
3387 -194.944 -324.47 -389.746 -194.946 -324.466 -321 -194.96 -324.459 -251 -197.29 -321.062 249 -197.853 -319.771 319 -198.434 -318.474 389.045 674.126
7821 266.442 -147.257 -391 266.431 -147.243 -320.497 266.382 -147.22 -251 270.073 -144.537 250.856 271.141 -143.809 319 272.231 -143.064 389 781.981
43355 -259.478 -544.166 -391 -259.477 -544.171 -321 -259.465 -544.172 -249.523 -259.361 -544.125 249 -259.333 -544.078 319.044 -259.302 -544.047 389 737.843
48827 265.676 -412.112 -391 265.681 -412.098 -321 265.696 -412.07 -249.812 265.749 -411.712 249 265.732 -411.62 319.281 265.704 -411.53 389 680.869
60693 -80.3321 679.314 -389.238 -80.3303 679.311 -321 -80.3257 679.315 -251 -80.3802 679.423 250.207 -80.3816 679.416 319 -80.3753 679.398 389 840.832
75893 485.002 186.444 -389.203 485.003 186.449 -321 484.989 186.442 -251 484.854 186.435 250.561 484.823 186.476 319 484.791 186.502 389 512.932
87258 -255.87 -220.434 -390.494 -255.878 -220.453 -321 -255.87 -220.487 -251 -251.215 -212.095 249 -250.019 -209.37 319 -248.803 -206.575 390.347 495.557
